5,1     Segment: 41 Branch:  3 DX= 700.2 B= 421.4  4
    263031.4546,   4100078.5210, 11,
    263584.9489,   4099649.6572, 11,
    263326.8221,   4099316.5172, 11,
    262773.3278,   4099745.3810, 11,
    263031.4546,   4100078.5210, 11,
5,1     Segment: 40 Branch:  3 DX= 733.3 B= 444.2  4
    263566.0916,   4099675.9220, 11,
    264202.7360,   4099312.0767, 11,
    263982.3240,   4098926.4071, 11,
    263345.6795,   4099290.2524, 11,
    263566.0916,   4099675.9220, 11,
5,1     Segment: 39 Branch:  3 DX= 733.3 B= 141.8  4
    264116.1260,   4099186.1162, 11,
    264807.6237,   4098942.1274, 11,
    264760.4317,   4098808.3789, 11,
    264068.9340,   4099052.3676, 11,
    264116.1260,   4099186.1162, 11,
5,1     Segment: 45 Branch:  4 DX= 764.6 B= 136.6  5
    262126.6075,   4098507.5526, 11,
    262701.0290,   4099012.1691, 11,
    262791.1695,   4098909.5592, 11,
    262216.7480,   4098404.9427, 11,
    262126.6075,   4098507.5526, 11,
